Eps #	Prod #	Title	Summary	Air Date
1	2	Menace Of The Mole Men	The Fantastic Four are off to carry out their experiments on a remote island. The Mole Man, however, has been waiting for them and traps them in a radiation field and plans to submerge the world’s largest cities. The Fantastic Four escape but the Mole Man traps them again. They manage to escape their separate ways. They foil Mole Man’s domination and escape the island once and for all.	9/9/1967
5b	4	The Red Ghost	Reed is competing with Dr. Kragoff in race to the moon for astronomical research. During the launch, Dr. Kragoff and his primate crew have developed some reverse energy powers. Dr. Kragoff is now transparent and becomes the Red Ghost. Red Ghost kidnaps Susan after counter attacking. She escapes and thwarts Red Ghost’s attempt to eliminate her companions. Using a special device, Reed turns Red Ghost into a plastic statue.	10/7/1967
6	9	Prisoners Of Planet X	A UFO has been sighted. The pilot abducts the Fantastic Four from the Science Center and is setting course for Planet X. There, their dictator Kurrgo requests the Fantastic Four save their planet from another planet knocked off its orbit. Reed manages to formulate a working plan to save the population. While the plan is in process, Kurrgo has other ideas. However, Reed tricks Kurrgo and leaves him on the exploding planet while the micro-sized population and the Fantastic Four get away to safety.	10/14/1967
7	14	It Started On Yancy Street	The Fantastic Four face a bunch of old rivals in Yancy Street, but their old enemy Red Ghost and his primates show up and capture them. During their voyage to the moon, the four turn the tables, but Red Ghost gets away and the four are dumped on the moon. They barely manage to get to a source of oxygen which is the Watcher’s laboratory. Using one of the Watcher’s machines, Reed brings down Red Ghost’s ship. Susan gets Dr. Kragoff banished into a trans-nitron machine. Reed uses that machine to get back to Earth.	10/21/1967
10	12	Demon in the Deep	The Fantastic Four beat the criminal forces working for Dr. Gamma, and blow up the island with its secret weapons. While escaping, Dr. Gamma is infected by the radiation levels in the seabed and morphs into some creature. Johnny is flustered with being moved around and quits from the Fantastic Four. In the town Johnny goes to, there have been sightings of the Gamma Ray. Johnny defeats the Gamma Ray by himself, but he comes back with the hideous giant sea monster Giganto. Johnny rejoins the Fantastic Four. Ben succeeds in eliminating the sea monster. The Gamma Ray is defeated but not finished.	11/11/1967
16	17	Blastaar, The Living Bomb-Burst	On a remote planet, its inhabitants are fighting against Blastaar and are able to banish him. Reed and Johnny enter the dangerous space zone via dimensional transport. As they depart, Blastaar escapes and follows them. Blastaar is too powerful for the four to handle. They lure Blastaar into an evacuated atomic power plant, where they use some atomic matter to put him in a coma. They eject him through the dimensional transport back into the space zone.	1/6/1968
